t   Xfocus
   0.0000000000    0.0000000000 
   0.0100000000    2.4997590941 
   0.0200000000    4.9990146697 
   0.0300000000    7.4977668858 
   0.0400000000    9.9960159260 
   0.0500000000   12.4937619736 
   0.0600000000   14.9910052118 
   0.0700000000   17.4877458239 
   0.0800000000   19.9839839928 
   0.0900000000   22.4797199016 
   0.1000000000   24.9749537329 
   0.1100000000   27.4696856696 
   0.1200000000   29.9639158941 
   0.1300000000   32.4576445891 
   0.1400000000   34.9508719368 
   0.1500000000   37.4435981196 
   0.1600000000   39.9358232951 
   0.1700000000   42.4275476456 
   0.1800000000   44.9187713529 
   0.1900000000   47.4094945988 
   0.2000000000   49.8997175652 
   0.2100000000   52.3894404336 
   0.2200000000   54.8786633856 
   0.2300000000   57.3673866025 
   0.2400000000   59.8556102657 
   0.2500000000   62.3433345563 
   0.2600000000   64.8305596554 
   0.2700000000   67.3172857198 
   0.2800000000   69.8035129303 
   0.2900000000   72.2892414676 
   0.3000000000   74.7744715124 
   0.3100000000   77.2592032454 
   0.3200000000   79.7434368469 
   0.3300000000   82.2271724972 
   0.3400000000   84.7104103767 
   0.3500000000   87.1931506653 
   0.3600000000   89.6753935432 
   0.3700000000   92.1571391782 
   0.3800000000   94.6383877500 
   0.3900000000   97.1191394263 
   0.4000000000   99.5993943866 
   0.4100000000  102.0791528105 
   0.4200000000  104.5584148774 
   0.4300000000  107.0371807665 
   0.4400000000  109.5154506570 
   0.4500000000  111.9932247279 
   0.4600000000  114.4705031583 
   0.4700000000  116.9472861269 
   0.4800000000  119.4235738126 
   0.4900000000  121.8993663819 
   0.5000000000  124.3746640013 
   0.5100000000  126.8494668492 
   0.5200000000  129.3237751041 
   0.5300000000  131.7975889440 
   0.5400000000  134.2709085472 
   0.5500000000  136.7437340917 
   0.5600000000  139.2160657554 
   0.5700000000  141.6879037160 
   0.5800000000  144.1592481514 
   0.5900000000  146.6300992270 
   0.6000000000  149.1004571083 
   0.6100000000  151.5703219729 
   0.6200000000  154.0396939980 
   0.6300000000  156.5085733607 
   0.6400000000  158.9769602382 
   0.6500000000  161.4448548075 
   0.6600000000  163.9122572453 
   0.6700000000  166.3791677286 
   0.6800000000  168.8455864338 
   0.6900000000  171.3115135258 
   0.7000000000  173.7769491689 
   0.7100000000  176.2418935396 
   0.7200000000  178.7063468141 
   0.7300000000  181.1703091685 
   0.7400000000  183.6337807790 
   0.7500000000  186.0967618215 
   0.7600000000  188.5592524717 
   0.7700000000  191.0212528937 
   0.7800000000  193.4827632630 
   0.7900000000  195.9437837551 
   0.8000000000  198.4043145336 
   0.8100000000  200.8643557738 
   0.8200000000  203.3239076511 
   0.8300000000  205.7829703404 
   0.8400000000  208.2415440169 
   0.8500000000  210.6996288555 
   0.8600000000  213.1572250311 
   0.8700000000  215.6143327064 
   0.8800000000  218.0709520561 
   0.8900000000  220.5270832430 
   0.9000000000  222.9827264413 
   0.9100000000  225.4378818255 
   0.9200000000  227.8925495698 
   0.9300000000  230.3467298484 
   0.9400000000  232.8004228351 
   0.9500000000  235.2536287040 
   0.9600000000  237.7063476171 
   0.9700000000  240.1585797363 
   0.9800000000  242.6103252352 
   0.9900000000  245.0615842873 
   1.0000000000  247.5123570661 
   1.0100000000  249.9667352644 
   1.0200000000  252.4288096424 
   1.0300000000  254.8985789408 
   1.0400000000  257.3760418872 
   1.0500000000  259.8611971904 
   1.0600000000  262.3540435458 
   1.0700000000  264.8545796358 
   1.0800000000  267.3628041234 
   1.0900000000  269.8787156647 
   1.1000000000  272.4023128961 
   1.1100000000  274.9335944408 
   1.1200000000  277.4725588732 
   1.1300000000  280.0192046834 
   1.1400000000  282.5735303125 
   1.1500000000  285.1355341991 
   1.1600000000  287.7052147541 
   1.1700000000  290.2825703685 
   1.1800000000  292.8675994314 
   1.1900000000  295.4603003165 
   1.2000000000  298.0606713692 
   1.2100000000  300.6687109198 
   1.2200000000  303.2844172832 
   1.2300000000  305.9077887589 
   1.2400000000  308.5388236312 
   1.2500000000  311.1775201688 
   1.2600000000  313.8238766251 
   1.2700000000  316.4778912380 
   1.2800000000  319.1395622301 
   1.2900000000  321.8088878082 
   1.3000000000  324.4858661638 
   1.3100000000  327.1704954684 
   1.3200000000  329.8627738649 
   1.3300000000  332.5626994936 
   1.3400000000  335.2702704836 
   1.3500000000  337.9854849309 
   1.3600000000  340.7083408073 
   1.3700000000  343.4388336885 
   1.3800000000  346.1769570827 
   1.3900000000  348.9227044287 
   1.4000000000  351.6760691083 
   1.4100000000  354.4370444379 
   1.4200000000  357.2056236679 
   1.4300000000  359.9817999924 
   1.4400000000  362.7655665300 
   1.4500000000  365.5569163477 
   1.4600000000  368.3558424415 
   1.4700000000  371.1623377508 
   1.4800000000  373.9763951537 
   1.4900000000  376.7980074526 
   1.5000000000  379.6271673884 
   1.5100000000  382.4638676407 
   1.5200000000  385.3081008273 
   1.5300000000  388.1598595048 
   1.5400000000  391.0191361680 
   1.5500000000  393.8859232505 
   1.5600000000  396.7602131143 
   1.5700000000  399.6419980504 
   1.5800000000  402.5312703078 
   1.5900000000  405.4280220543 
   1.6000000000  408.3322454061 
   1.6100000000  411.2439324079 
   1.6200000000  414.1630750431 
   1.6300000000  417.0896652336 
   1.6400000000  420.0236948215 
   1.6500000000  422.9651554873 
   1.6600000000  425.9140388325 
   1.6700000000  428.8703363979 
   1.6800000000  431.8340396457 
   1.6900000000  434.8051399868 
   1.7000000000  437.7836287622 
   1.7100000000  440.7694972619 
   1.7200000000  443.7627366967 
   1.7300000000  446.7633382174 
   1.7400000000  449.7712929141 
   1.7500000000  452.7865918170 
   1.7600000000  455.8092258866 
   1.7700000000  458.8391860230 
   1.7800000000  461.8764630668 
   1.7900000000  464.9210477983 
   1.8000000000  467.9729309185 
   1.8100000000  471.0321030987 
   1.8200000000  474.0985541986 
   1.8300000000  477.1722715300 
   1.8400000000  480.2532417329 
   1.8500000000  483.3414513632 
   1.8600000000  486.4368868927 
   1.8700000000  489.5395347099 
   1.8800000000  492.6493811202 
   1.8900000000  495.7664123357 
   1.9000000000  498.8906144756 
   1.9100000000  502.0219735877 
   1.9200000000  505.1604756278 
   1.9300000000  508.3061064706 
   1.9400000000  511.4588518990 
   1.9500000000  514.6186975781 
   1.9600000000  517.7856289642 
   1.9700000000  520.9596314082 
   1.9800000000  524.1406901688 
   1.9900000000  527.3287904446 
   2.0000000000  530.5239173365 
   2.0100000000  533.7260558608 
   2.0200000000  536.9351909755 
   2.0300000000  540.1513075616 
   2.0400000000  543.3743904039 
   2.0500000000  546.6044242111 
   2.0600000000  549.8413936166 
   2.0700000000  553.0852831785 
   2.0800000000  556.3360773806 
   2.0900000000  559.5937606328 
   2.1000000000  562.8583172719 
   2.1100000000  566.1297315412 
   2.1200000000  569.4079876115 
   2.1300000000  572.6930696032 
   2.1400000000  575.9849615586 
   2.1500000000  579.2836474285 
   2.1600000000  582.5891111149 
   2.1700000000  585.9013364294 
   2.1800000000  589.2203071293 
   2.1900000000  592.5460068892 
   2.2000000000  595.8784193238 
   2.2100000000  599.2175279736 
   2.2200000000  602.5633163205 
   2.2300000000  605.9157677658 
   2.2400000000  609.2748656535 
   2.2500000000  612.6405932560 
   2.2600000000  616.0129337817 
   2.2700000000  619.3918703766 
   2.2800000000  622.7773861162 
   2.2900000000  626.1694640147 
   2.3000000000  629.5680870253 
   2.3100000000  632.9732380408 
   2.3200000000  636.3848998946 
   2.3300000000  639.8030553613 
   2.3400000000  643.2276871490 
   2.3500000000  646.6587779085 
   2.3600000000  650.0963102338 
   2.3700000000  653.5402666543 
   2.3800000000  656.9906296443 
   2.3900000000  660.4473816230 
   2.4000000000  663.9105049559 
   2.4100000000  667.3799819467 
   2.4200000000  670.8557948548 
   2.4300000000  674.3379258794 
   2.4400000000  677.8263571686 
   2.4500000000  681.3210708114 
   2.4600000000  684.8220488645 
   2.4700000000  688.3292733004 
   2.4800000000  691.8427260791 
   2.4900000000  695.3623890951 
   2.5000000000  698.8882441784 
   2.5100000000  702.4202731218 
   2.5200000000  705.9584577004 
   2.5300000000  709.5027796173 
   2.5400000000  713.0532205227 
   2.5500000000  716.6097620240 
   2.5600000000  720.1723856861 
   2.5700000000  723.7410730324 
   2.5800000000  727.3158055459 
   2.5900000000  730.8965646693 
   2.6000000000  734.4833318064 
   2.6100000000  738.0760883226 
   2.6200000000  741.6748155457 
   2.6300000000  745.2794947568 
   2.6400000000  748.8901071718 
   2.6500000000  752.5066340006 
   2.6600000000  756.1290564284 
   2.6700000000  759.7573555966 
   2.6800000000  763.3915125840 
   2.6900000000  767.0315084671 
   2.7000000000  770.6773242807 
   2.7100000000  774.3289410091 
   2.7200000000  777.9863396367 
   2.7300000000  781.6495010886 
   2.7400000000  785.3184062818 
   2.7500000000  788.9930360854 
   2.7600000000  792.6733713622 
   2.7700000000  796.3593929285 
   2.7800000000  800.0510815749 
   2.7900000000  803.7484180789 
   2.8000000000  807.4513831829 
   2.8100000000  811.1599576071 
   2.8200000000  814.8741220387 
   2.8300000000  818.5938571543 
   2.8400000000  822.3191435991 
   2.8500000000  826.0499619987 
   2.8600000000  829.7862929597 
   2.8700000000  833.5281170595 
   2.8800000000  837.2754163647 
   2.8900000000  841.0281753935 
   2.9000000000  844.7863789999 
   2.9100000000  848.5500120307 
   2.9200000000  852.3190592923 
   2.9300000000  856.0935055510 
   2.9400000000  859.8733356013 
   2.9500000000  863.6585342093 
   2.9600000000  867.4490860912 
   2.9700000000  871.2449759813 
   2.9800000000  875.0461885984 
   2.9900000000  878.8527086123 
   3.0000000000  882.6645207121 
   3.0100000000  886.4816095503 
   3.0200000000  890.3039597655 
   3.0300000000  894.1315560174 
   3.0400000000  897.9643829067 
   3.0500000000  901.8024250449 
   3.0600000000  905.6456670199 
   3.0700000000  909.4940934079 
   3.0800000000  913.3476887855 
   3.0900000000  917.2064376954 
   3.1000000000  921.0703247047 
   3.1100000000  924.9393343240 
   3.1200000000  928.8134509834 
   3.1300000000  932.6926590465 
   3.1400000000  936.5769428929 
   3.1500000000  940.4662868715 
   3.1600000000  944.3606753367 
   3.1700000000  948.2600926249 
   3.1800000000  952.1645230785 
   3.1900000000  956.0739510346 
   3.2000000000  959.9883608137 
   3.2100000000  963.9077367435 
   3.2200000000  967.8320631361 
   3.2300000000  971.7613243114 
   3.2400000000  975.6955045745 
   3.2500000000  979.6345882277 
   3.2600000000  983.5785595708 
   3.2700000000  987.5274029015 
   3.2800000000  991.4811025281 
   3.2900000000  995.4396427457 
   3.3000000000  999.4030078485 
   3.3100000000 1003.3711821304 
   3.3200000000 1007.3441498854 
   3.3300000000 1011.3218954079 
   3.3400000000 1015.3044029813 
   3.3500000000 1019.2916569019 
   3.3600000000 1023.2836414680 
   3.3700000000 1027.2803409799 
   3.3800000000 1031.2817397402 
   3.3900000000 1035.2878220424 
   3.4000000000 1039.2985721952 
   3.4100000000 1043.3139744989 
   3.4200000000 1047.3340132699 
   3.4300000000 1051.3586728046 
   3.4400000000 1055.3879374289 
   3.4500000000 1059.4217914735 
   3.4600000000 1063.4602192627 
   3.4700000000 1067.5032051267 
   3.4800000000 1071.5507334018 
   3.4900000000 1075.6027884437 
   3.5000000000 1079.6593546027 
   3.5100000000 1083.7204162240 
   3.5200000000 1087.7859576857 
   3.5300000000 1091.8559633493 
   3.5400000000 1095.9304175972 
   3.5500000000 1100.0093048332 
   3.5600000000 1104.0926094580 
   3.5700000000 1108.1803158695 
   3.5800000000 1112.2724084882 
   3.5900000000 1116.3688717450 
   3.6000000000 1120.4696900691 
   3.6100000000 1124.5748479009 
   3.6200000000 1128.6843297047 
   3.6300000000 1132.7981199566 
   3.6400000000 1136.9162031453 
   3.6500000000 1141.0385637715 
   3.6600000000 1145.1651863366 
   3.6700000000 1149.2960553550 
   3.6800000000 1153.4311553550 
   3.6900000000 1157.5704708913 
   3.7000000000 1161.7139865201 
   3.7100000000 1165.8616868125 
   3.7200000000 1170.0135563670 
   3.7300000000 1174.1695797848 
   3.7400000000 1178.3297416827 
   3.7500000000 1182.4940266935 
   3.7600000000 1186.6624194662 
   3.7700000000 1190.8349046665 
   3.7800000000 1195.0114669769 
   3.7900000000 1199.1920910973 
   3.8000000000 1203.3767617449 
   3.8100000000 1207.5654636552 
   3.8200000000 1211.7581815816 
   3.8300000000 1215.9549002961 
   3.8400000000 1220.1556045765 
   3.8500000000 1224.3602792329 
   3.8600000000 1228.5689090947 
   3.8700000000 1232.7814790108 
   3.8800000000 1236.9979738377 
   3.8900000000 1241.2183784648 
   3.9000000000 1245.4426778022 
   3.9100000000 1249.6708567810 
   3.9200000000 1253.9029003534 
   3.9300000000 1258.1387934803 
   3.9400000000 1262.3785211311 
   3.9500000000 1266.6220683105 
   3.9600000000 1270.8694200588 
   3.9700000000 1275.1205614385 
   3.9800000000 1279.3754775223 
   3.9900000000 1283.6341534190 
   4.0000000000 1287.8965742477 
   4.0100000000 1292.1627251646 
   4.0200000000 1296.4325913364 
   4.0300000000 1300.7061579412 
   4.0400000000 1304.9834101948 
   4.0500000000 1309.2643333507 
   4.0600000000 1313.5489126746 
   4.0700000000 1317.8371334573 
   4.0800000000 1322.1289810283 
   4.0900000000 1326.4244407298 
   4.1000000000 1330.7234979167 
   4.1100000000 1335.0261379835 
   4.1200000000 1339.3323463513 
   4.1300000000 1343.6421084679 
   4.1400000000 1347.9554098214 
   4.1500000000 1352.2722359006 
   4.1600000000 1356.5925722216 
   4.1700000000 1360.9164043552 
   4.1800000000 1365.2437178731 
   4.1900000000 1369.5744984022 
   4.2000000000 1373.9087315706 
   4.2100000000 1378.2464030355 
   4.2200000000 1382.5874984961 
   4.2300000000 1386.9320036805 
   4.2400000000 1391.2799043463 
   4.2500000000 1395.6311862670 
   4.2600000000 1399.9858352592 
   4.2700000000 1404.3438371560 
   4.2800000000 1408.7051778339 
   4.2900000000 1413.0698431863 
   4.3000000000 1417.4378191505 
   4.3100000000 1421.8090916812 
   4.3200000000 1426.1836467771 
   4.3300000000 1430.5614704547 
   4.3400000000 1434.9425487751 
   4.3500000000 1439.3268678175 
   4.3600000000 1443.7144137059 
   4.3700000000 1448.1051725829 
   4.3800000000 1452.4991306229 
   4.3900000000 1456.8962740458 
   4.4000000000 1461.2965890907 
   4.4100000000 1465.7000620287 
   4.4200000000 1470.1066791638 
   4.4300000000 1474.5164268328 
   4.4400000000 1478.9292914054 
   4.4500000000 1483.3452592984 
   4.4600000000 1487.7643169477 
   4.4700000000 1492.1864508231 
   4.4800000000 1496.6116489668 
   4.4900000000 1501.0399055952 
   4.5000000000 1505.4712164389 
   4.5100000000 1509.9055772363 
   4.5200000000 1514.3429837337 
   4.5300000000 1518.7834317263 
   4.5400000000 1523.2269170170 
   4.5500000000 1527.6734353753 
   4.5600000000 1532.1229825783 
   4.5700000000 1536.5755544106 
   4.5800000000 1541.0311466925 
   4.5900000000 1545.4897552656 
   4.6000000000 1549.9513759515 
   4.6100000000 1554.4160045657 
   4.6200000000 1558.8836369314 
   4.6300000000 1563.3542688932 
   4.6400000000 1567.8278963449 
   4.6500000000 1572.3045151464 
   4.6600000000 1576.7841211514 
   4.6700000000 1581.2667102210 
   4.6800000000 1585.7522782380 
   4.6900000000 1590.2408211204 
   4.7000000000 1594.7323347798 
   4.7100000000 1599.2268151079 
   4.7200000000 1603.7242580036 
   4.7300000000 1608.2246593736 
   4.7400000000 1612.7280151459 
   4.7500000000 1617.2343212839 
   4.7600000000 1621.7435737444 
   4.7700000000 1626.2557684641 
   4.7800000000 1630.7709013870 
   4.7900000000 1635.2889684648 
   4.8000000000 1639.8099656844 
   4.8100000000 1644.3338890540 
   4.8200000000 1648.8607345613 
   4.8300000000 1653.3904981877 
   4.8400000000 1657.9231759220 
   4.8500000000 1662.4587637602 
   4.8600000000 1666.9972577339 
   4.8700000000 1671.5386538958 
   4.8800000000 1676.0829482781 
   4.8900000000 1680.6301369064 
   4.9000000000 1685.1802158138 
   4.9100000000 1689.7331810404 
   4.9200000000 1694.2890286481 
   4.9300000000 1698.8477547336 
   4.9400000000 1703.4093553872 
   4.9500000000 1707.9738266783 
   4.9600000000 1712.5411646839 
   4.9700000000 1717.1113654880 
   4.9800000000 1721.6844251960 
   4.9900000000 1726.2603399345 
   5.0000000000 1730.8391058373 
   5.0100000000 1735.4207190316 
   5.0200000000 1740.0051756375 
   5.0300000000 1744.5924717824 
   5.0400000000 1749.1826036012 
   5.0500000000 1753.7755672497 
   5.0600000000 1758.3713589190 
   5.0700000000 1762.9699747934 
   5.0800000000 1767.5714110361 
   5.0900000000 1772.1756638175 
   5.1000000000 1776.7827293153 
   5.1100000000 1781.3926037142 
   5.1200000000 1786.0052832199 
   5.1300000000 1790.6207640737 
   5.1400000000 1795.2390425096 
   5.1500000000 1799.8601147406 
   5.1600000000 1804.4839769868 
   5.1700000000 1809.1106254752 
   5.1800000000 1813.7400564401 
   5.1900000000 1818.3722661367 
   5.2000000000 1823.0072508415 
   5.2100000000 1827.6450068380 
   5.2200000000 1832.2855304022 
   5.2300000000 1836.9288178035 
   5.2400000000 1841.5748653179 
   5.2500000000 1846.2236692285 
   5.2600000000 1850.8752258254 
   5.2700000000 1855.5295314339 
   5.2800000000 1860.1865823861 
   5.2900000000 1864.8463750210 
   5.3000000000 1869.5089056564 
   5.3100000000 1874.1741706169 
   5.3200000000 1878.8421662338 
   5.3300000000 1883.5128888457 
   5.3400000000 1888.1863347976 
   5.3500000000 1892.8625004700 
   5.3600000000 1897.5413822502 
   5.3700000000 1902.2229765320 
   5.3800000000 1906.9072796881 
   5.3900000000 1911.5942880977 
   5.4000000000 1916.2839981469 
   5.4100000000 1920.9764062287 
   5.4200000000 1925.6715087426 
   5.4300000000 1930.3693021093 
   5.4400000000 1935.0697827704 
   5.4500000000 1939.7729471741 
   5.4600000000 1944.4787917613 
   5.4700000000 1949.1873129653 
   5.4800000000 1953.8985072260 
   5.4900000000 1958.6123709901 
   5.5000000000 1963.3289007111 
   5.5100000000 1968.0480928491 
   5.5200000000 1972.7699438849 
   5.5300000000 1977.4944503205 
   5.5400000000 1982.2216086644 
   5.5500000000 1986.9514154173 
   5.5600000000 1991.6838670724 
   5.5700000000 1996.4189601295 
   5.5800000000 2001.1566910952 
   5.5900000000 2005.8970564823 
   5.6000000000 2010.6400528104 
   5.6100000000 2015.3856766057 
   5.6200000000 2020.1339244295 
   5.6300000000 2024.8847928352 
   5.6400000000 2029.6382783970 
   5.6500000000 2034.3943776816 
   5.6600000000 2039.1530872475 
   5.6700000000 2043.9144036600 
   5.6800000000 2048.6783234907 
   5.6900000000 2053.4448433180 
   5.7000000000 2058.2139597264 
   5.7100000000 2062.9856693070 
   5.7200000000 2067.7599686860 
   5.7300000000 2072.5368544816 
   5.7400000000 2077.3163233328 
   5.7500000000 2082.0983718707 
   5.7600000000 2086.8829967183 
   5.7700000000 2091.6701945051 
   5.7800000000 2096.4599618671 
   5.7900000000 2101.2522954465 
   5.8000000000 2106.0471918919 
   5.8100000000 2110.8446478582 
   5.8200000000 2115.6446600068 
   5.8300000000 2120.4472250339 
   5.8400000000 2125.2523396278 
   5.8500000000 2130.0600004830 
   5.8600000000 2134.8702043146 
   5.8700000000 2139.6829478153 
   5.8800000000 2144.4982276842 
   5.8900000000 2149.3160406263 
   5.9000000000 2154.1363833532 
   5.9100000000 2158.9592525827 
   5.9200000000 2163.7846450385 
   5.9300000000 2168.6125574509 
   5.9400000000 2173.4429865562 
   5.9500000000 2178.2759291257 
   5.9600000000 2183.1113819225 
   5.9700000000 2187.9493417158 
   5.9800000000 2192.7898052955 
   5.9900000000 2197.6327694285 
   6.0000000000 2202.4782308881 
   6.0100000000 2207.3216123781 
   6.0200000000 2212.1583454929 
   6.0300000000 2216.9884403067 
   6.0400000000 2221.8119068976 
   6.0500000000 2226.6287553476 
   6.0600000000 2231.4389957423 
   6.0700000000 2236.2426381851 
   6.0800000000 2241.0396927685 
   6.0900000000 2245.8301696022 
   6.1000000000 2250.6140787701 
   6.1100000000 2255.3914303879 
   6.1200000000 2260.1622345447 
   6.1300000000 2264.9265013611 
   6.1400000000 2269.6842409310 
   6.1500000000 2274.4354633791 
   6.1600000000 2279.1801788033 
   6.1700000000 2283.9183973321 
   6.1800000000 2288.6501290664 
   6.1900000000 2293.3753841377 
   6.2000000000 2298.0941726495 
   6.2100000000 2302.8065047067 
   6.2200000000 2307.5123904294 
   6.2300000000 2312.2118399382 
   6.2400000000 2316.9048633547 
   6.2500000000 2321.5914708007 
   6.2600000000 2326.2716723836 
   6.2700000000 2330.9454782112 
   6.2800000000 2335.6128984200 
   6.2900000000 2340.2739431175 
   6.3000000000 2344.9286224105 
   6.3100000000 2349.5769464203 
   6.3200000000 2354.2189252524 
   6.3300000000 2358.8545690265 
   6.3400000000 2363.4838878465 
   6.3500000000 2368.1068918154 
   6.3600000000 2372.7235910348 
   6.3700000000 2377.3339956049 
   6.3800000000 2381.9381156534 
   6.3900000000 2386.5359612774 
   6.4000000000 2391.1275425720 
   6.4100000000 2395.7128696302 
   6.4200000000 2400.2919525431 
   6.4300000000 2404.8648013994 
   6.4400000000 2409.4314262855 
   6.4500000000 2413.9918372852 
   6.4600000000 2418.5460444798 
   6.4700000000 2423.0940579474 
   6.4800000000 2427.6358877636 
   6.4900000000 2432.1715440007 
   6.5000000000 2436.7010367278 
   6.5100000000 2441.2243760107 
   6.5200000000 2445.7415719117 
   6.5300000000 2450.2526344897 
   6.5400000000 2454.7575737995 
   6.5500000000 2459.2563998924 
   6.5600000000 2463.7491228156 
   6.5700000000 2468.2357525976 
   6.5800000000 2472.7162992628 
   6.5900000000 2477.1907728457 
   6.6000000000 2481.6591833765 
   6.6100000000 2486.1215408806 
   6.6200000000 2490.5778553789 
   6.6300000000 2495.0281368729 
   6.6400000000 2499.4723953590 
   6.6500000000 2503.9106408433 
   6.6600000000 2508.3428833266 
   6.6700000000 2512.7691327901 
   6.6800000000 2517.1894031711 
   6.6900000000 2521.6037203359 
   6.7000000000 2526.0121126408 
   6.7100000000 2530.4146081904 
   6.7200000000 2534.8112348693 
   6.7300000000 2539.2020203587 
   6.7400000000 2543.5869921243 
   6.7500000000 2547.9661774045 
   6.7600000000 2552.3396032411 
   6.7700000000 2556.7072964675 
   6.7800000000 2561.0692836965 
   6.7900000000 2565.4255913654 
   6.8000000000 2569.7762456810 
   6.8100000000 2574.1212726505 
   6.8200000000 2578.4606980977 
   6.8300000000 2582.7945476510 
   6.8400000000 2587.1228467380 
   6.8500000000 2591.4456206021 
   6.8600000000 2595.7628942903 
   6.8700000000 2600.0746926549 
   6.8800000000 2604.3810403912 
   6.8900000000 2608.6819619826 
   6.9000000000 2612.9774817449 
   6.9100000000 2617.2676238142 
   6.9200000000 2621.5524121346 
   6.9300000000 2625.8318705022 
   6.9400000000 2630.1060225107 
   6.9500000000 2634.3748915954 
   6.9600000000 2638.6385010207 
   6.9700000000 2642.8968738683 
   6.9800000000 2647.1500330800 
   6.9900000000 2651.3980014047 
   7.0000000000 2655.6408014409 
   7.0100000000 2659.8784556247 
   7.0200000000 2664.1109862181 
   7.0300000000 2668.3384153513 
   7.0400000000 2672.5607649696 
   7.0500000000 2676.7780568760 
   7.0600000000 2680.9903127192 
   7.0700000000 2685.1975539951 
   7.0800000000 2689.3998020479 
   7.0900000000 2693.5970780857 
   7.1000000000 2697.7894031412 
   7.1100000000 2701.9767981133 
   7.1200000000 2706.1592837557 
   7.1300000000 2710.3368806644 
   7.1400000000 2714.5096093196 
   7.1500000000 2718.6774900467 
   7.1600000000 2722.8405430311 
   7.1700000000 2726.9987883193 
   7.1800000000 2731.1522458210 
   7.1900000000 2735.3009352960 
   7.2000000000 2739.4448763965 
   7.2100000000 2743.5840886144 
   7.2200000000 2747.7185913229 
   7.2300000000 2751.8484037773 
   7.2400000000 2755.9735450900 
   7.2500000000 2760.0940342319 
   7.2600000000 2764.2098900728 
   7.2700000000 2768.3211313434 
   7.2800000000 2772.4277766494 
   7.2900000000 2776.5298444726 
   7.3000000000 2780.6273531725 
   7.3100000000 2784.7203209739 
   7.3200000000 2788.8087660075 
   7.3300000000 2792.8927062845 
   7.3400000000 2796.9721596721 
   7.3500000000 2801.0471439333 
   7.3600000000 2805.1176767283 
   7.3700000000 2809.1837755891 
   7.3800000000 2813.2454579210 
   7.3900000000 2817.3027410423 
   7.4000000000 2821.3556421466 
   7.4100000000 2825.4041783165 
   7.4200000000 2829.4483665248 
   7.4300000000 2833.4882236483 
   7.4400000000 2837.5237664429 
   7.4500000000 2841.5550115452 
   7.4600000000 2845.5819755110 
   7.4700000000 2849.6046747910 
   7.4800000000 2853.6231257067 
   7.4900000000 2857.6373444887 
   7.5000000000 2861.6473472784 
   7.5100000000 2865.6531501028 
   7.5200000000 2869.6547688760 
   7.5300000000 2873.6522194377 
   7.5400000000 2877.6455175287 
   7.5500000000 2881.6346787668 
   7.5600000000 2885.6197186854 
   7.5700000000 2889.6006527343 
   7.5800000000 2893.5774962677 
   7.5900000000 2897.5502645327 
   7.6000000000 2901.5189726704 
   7.6100000000 2905.4836357537 
   7.6200000000 2909.4442687635 
   7.6300000000 2913.4008865768 
   7.6400000000 2917.3535039800 
   7.6500000000 2921.3021356698 
   7.6600000000 2925.2467962659 
   7.6700000000 2929.1875002878 
   7.6800000000 2933.1242621548 
   7.6900000000 2937.0570962242 
   7.7000000000 2940.9860167671 
   7.7100000000 2944.9110379690 
   7.7200000000 2948.8321739065 
   7.7300000000 2952.7494385845 
   7.7400000000 2956.6628459366 
   7.7500000000 2960.5724098141 
   7.7600000000 2964.4781439739 
   7.7700000000 2968.3800620799 
   7.7800000000 2972.2781777394 
   7.7900000000 2976.1725044801 
   7.8000000000 2980.0630557502 
   7.8100000000 2983.9498449193 
   7.8200000000 2987.8328852549 
   7.8300000000 2991.7121899596 
   7.8400000000 2995.5877721708 
   7.8500000000 2999.4596449502 
   7.8600000000 3003.3278212720 
   7.8700000000 3007.1923140235 
   7.8800000000 3011.0531360417 
   7.8900000000 3014.9103000901 
   7.9000000000 3018.7638188588 
   7.9100000000 3022.6137049656 
   7.9200000000 3026.4599709326 
   7.9300000000 3030.3026292226 
   7.9400000000 3034.1416922391 
   7.9500000000 3037.9771723159 
   7.9600000000 3041.8090817167 
   7.9700000000 3045.6374326244 
   7.9800000000 3049.4622371417 
   7.9900000000 3053.2835073268 
   8.0000000000 3057.1012551704 
   8.0100000000 3060.9154925961 
   8.0200000000 3064.7262314610 
   8.0300000000 3068.5334835563 
   8.0400000000 3072.3372605845 
   8.0500000000 3076.1375741950 
   8.0600000000 3079.9344359842 
   8.0700000000 3083.7278574847 
   8.0800000000 3087.5178501655 
   8.0900000000 3091.3044254329 
   8.1000000000 3095.0875946188 
   8.1100000000 3098.8673689821 
   8.1200000000 3102.6437597428 
   8.1300000000 3106.4167780602 
   8.1400000000 3110.1864350328 
   8.1500000000 3113.9527416991 
   8.1600000000 3117.7157090377 
   8.1700000000 3121.4753479566 
   8.1800000000 3125.2316692939 
   8.1900000000 3128.9846838519 
   8.2000000000 3132.7344023752 
   8.2100000000 3136.4808355509 
   8.2200000000 3140.2239940088 
   8.2300000000 3143.9638896692 
   8.2400000000 3147.7005357930 
   8.2500000000 3151.4339455601 
   8.2600000000 3155.1641320770 
   8.2700000000 3158.8911083552 
   8.2800000000 3162.6148873234 
   8.2900000000 3166.3354818391 
   8.3000000000 3170.0529046670 
   8.3100000000 3173.7671685023 
   8.3200000000 3177.4782859488 
   8.3300000000 3181.1862695421 
   8.3400000000 3184.8911317280 
   8.3500000000 3188.5928848852 
   8.3600000000 3192.2915413040 
   8.3700000000 3195.9871132092 
   8.3800000000 3199.6796127386 
   8.3900000000 3203.3690519652 
   8.4000000000 3207.0554428770 
   8.4100000000 3210.7387973981 
   8.4200000000 3214.4191273690 
   8.4300000000 3218.0964445676 
   8.4400000000 3221.7707606893 
   8.4500000000 3225.4420873685 
   8.4600000000 3229.1104361577 
   8.4700000000 3232.7758185501 
   8.4800000000 3236.4382459582 
   8.4900000000 3240.0977297361 
   8.5000000000 3243.7542811586 
   8.5100000000 3247.4079114431 
   8.5200000000 3251.0586317290 
   8.5300000000 3254.7064530992 
   8.5400000000 3258.3513865600 
   8.5500000000 3261.9934430622 
   8.5600000000 3265.6326334811 
   8.5700000000 3269.2689686374 
   8.5800000000 3272.9024592878 
   8.5900000000 3276.5331161150 
   8.6000000000 3280.1609497489 
   8.6100000000 3283.7859707465 
   8.6200000000 3287.4081896129 
   8.6300000000 3291.0276167817 
   8.6400000000 3294.6442626353 
   8.6500000000 3298.2581374954 
   8.6600000000 3301.8692516236 
   8.6700000000 3305.4776152023 
   8.6800000000 3309.0832383743 
   8.6900000000 3312.6861312240 
   8.7000000000 3316.2863037773 
   8.7100000000 3319.8837659929 
   8.7200000000 3323.4785277817 
   8.7300000000 3327.0705989979 
   8.7400000000 3330.6599894297 
   8.7500000000 3334.2467088191 
   8.7600000000 3337.8307668524 
   8.7700000000 3341.4121731612 
   8.7800000000 3344.9909373125 
   8.7900000000 3348.5670688290 
   8.8000000000 3352.1405771796 
   8.8100000000 3355.7114717703 
   8.8200000000 3359.2797619544 
   8.8300000000 3362.8454570513 
   8.8400000000 3366.4085663192 
   8.8500000000 3369.9690989457 
   8.8600000000 3373.5270640858 
   8.8700000000 3377.0824708530 
   8.8800000000 3380.6353282919 
   8.8900000000 3384.1856453965 
   8.9000000000 3387.7334311302 
   8.9100000000 3391.2786943973 
   8.9200000000 3394.8214440350 
   8.9300000000 3398.3616888503 
   8.9400000000 3401.8994376110 
   8.9500000000 3405.4346990188 
   8.9600000000 3408.9674817373 
   8.9700000000 3412.4977943824 
   8.9800000000 3416.0256455238 
   8.9900000000 3419.5510436753 
   9.0000000000 3423.0739973139 
   9.0100000000 3426.5945148708 
   9.0200000000 3430.1126047227 
   9.0300000000 3433.6282752106 
   9.0400000000 3437.1415346393 
   9.0500000000 3440.6523912515 
   9.0600000000 3444.1608532549 
   9.0700000000 3447.6669288132 
   9.0800000000 3451.1706260469 
   9.0900000000 3454.6719530244 
   9.1000000000 3458.1709177892 
   9.1100000000 3461.6675283333 
   9.1200000000 3465.1617925892 
   9.1300000000 3468.6537184649 
   9.1400000000 3472.1433138359 
   9.1500000000 3475.6305865187 
   9.1600000000 3479.1155442978 
   9.1700000000 3482.5981949256 
   9.1800000000 3486.0785460970 
   9.1900000000 3489.5566054752 
   9.2000000000 3493.0323806925 
   9.2100000000 3496.5058793243 
   9.2200000000 3499.9771089072 
   9.2300000000 3503.4460769556 
   9.2400000000 3506.9127909369 
   9.2500000000 3510.3772582717 
   9.2600000000 3513.8394863593 
   9.2700000000 3517.2994825529 
   9.2800000000 3520.7572541596 
   9.2900000000 3524.2128084659 
   9.3000000000 3527.6661527133 
   9.3100000000 3531.1172940977 
   9.3200000000 3534.5662397955 
   9.3300000000 3538.0129969385 
   9.3400000000 3541.4575726098 
   9.3500000000 3544.8999738779 
   9.3600000000 3548.3402077712 
   9.3700000000 3551.7782812627 
   9.3800000000 3555.2142013148 
   9.3900000000 3558.6479748553 
   9.4000000000 3562.0796087527 
   9.4100000000 3565.5091098660 
   9.4200000000 3568.9364850199 
   9.4300000000 3572.3617409812 
   9.4400000000 3575.7848845072 
   9.4500000000 3579.2059223220 
   9.4600000000 3582.6248611003 
   9.4700000000 3586.0417075000 
   9.4800000000 3589.4564681385 
   9.4900000000 3592.8691495925 
   9.5000000000 3596.2797584226 
   9.5100000000 3599.6883011493 
   9.5200000000 3603.0947842536 
   9.5300000000 3606.4992142006 
   9.5400000000 3609.9015974161 
   9.5500000000 3613.3019402869 
   9.5600000000 3616.7002491926 
   9.5700000000 3620.0965304583 
   9.5800000000 3623.4907903787 
   9.5900000000 3626.8830352416 
   9.6000000000 3630.2732712812 
   9.6100000000 3633.6615047096 
   9.6200000000 3637.0477417170 
   9.6300000000 3640.4319884485 
   9.6400000000 3643.8142510355 
   9.6500000000 3647.1945355798 
   9.6600000000 3650.5728481317 
   9.6700000000 3653.9491947354 
   9.6800000000 3657.3235814067 
   9.6900000000 3660.6960141178 
   9.7000000000 3664.0664988353 
   9.7100000000 3667.4350414751 
   9.7200000000 3670.8016479252 
   9.7300000000 3674.1663240690 
   9.7400000000 3677.5290757394 
   9.7500000000 3680.8899087571 
   9.7600000000 3684.2488289159 
   9.7700000000 3687.6058419673 
   9.7800000000 3690.9609536513 
   9.7900000000 3694.3141696736 
   9.8000000000 3697.6654957063 
   9.8100000000 3701.0149374173 
   9.8200000000 3704.3625004262 
   9.8300000000 3707.7081903416 
   9.8400000000 3711.0520127463 
   9.8500000000 3714.3939731751 
   9.8600000000 3717.7340771599 
   9.8700000000 3721.0723302070 
   9.8800000000 3724.4087377831 
   9.8900000000 3727.7433053518 
   9.9000000000 3731.0760383301 
   9.9100000000 3734.4069421247 
   9.9200000000 3737.7360221181 
   9.9300000000 3741.0632836536 
   9.9400000000 3744.3887320725 
   9.9500000000 3747.7123726698 
   9.9600000000 3751.0342107316 
   9.9700000000 3754.3542515198 
   9.9800000000 3757.6725002516 
   9.9900000000 3760.9889621418 
  10.0000000000 3764.3036423825 
  10.0100000000 3767.6165461278 
  10.0200000000 3770.9276785305 
  10.0300000000 3774.2370446991 
  10.0400000000 3777.5446497337 
  10.0500000000 3780.8504987115 
  10.0600000000 3784.1545966734 
  10.0700000000 3787.4569486591 
  10.0800000000 3790.7575596649 
  10.0900000000 3794.0564346791 
  10.1000000000 3797.3535786683 
  10.1100000000 3800.6489965630 
  10.1200000000 3803.9426932934 
  10.1300000000 3807.2346737469 
  10.1400000000 3810.5249428036 
  10.1500000000 3813.8135053225 
  10.1600000000 3817.1003661343 
  10.1700000000 3820.3855300626 
  10.1800000000 3823.6690018825 
  10.1900000000 3826.9507863759 
  10.2000000000 3830.2308882905 
  10.2100000000 3833.5093123533 
  10.2200000000 3836.7860632847 
  10.2300000000 3840.0611457643 
  10.2400000000 3843.3345644720 
  10.2500000000 3846.6063240473 
  10.2600000000 3849.8764291234 
  10.2700000000 3853.1448843137 
  10.2800000000 3856.4116941984 
  10.2900000000 3859.6768633585 
  10.3000000000 3862.9403963351 
  10.3100000000 3866.2022976706 
  10.3200000000 3869.4625718743 
  10.3300000000 3872.7212234434 
  10.3400000000 3875.9782568560 
  10.3500000000 3879.2336765579 
  10.3600000000 3882.4874869963 
  10.3700000000 3885.7396925795 
  10.3800000000 3888.9902977177 
  10.3900000000 3892.2393067888 
  10.4000000000 3895.4867241594 
  10.4100000000 3898.7325541778 
  10.4200000000 3901.9768011607 
  10.4300000000 3905.2194694270 
  10.4400000000 3908.4605632575 
  10.4500000000 3911.7000869353 
  10.4600000000 3914.9380447124 
  10.4700000000 3918.1744408299 
  10.4800000000 3921.4092795112 
  10.4900000000 3924.6425649560 
  10.5000000000 3927.8743013596 
  10.5100000000 3931.1044928804 
  10.5200000000 3934.3331436795 
  10.5300000000 3937.5602578813 
  10.5400000000 3940.7858396128 
  10.5500000000 3944.0098929712 
  10.5600000000 3947.2324220435 
  10.5700000000 3950.4534309000 
  10.5800000000 3953.6729235879 
  10.5900000000 3956.8909041511 
  10.6000000000 3960.1073765977 
  10.6100000000 3963.3223449387 
  10.6200000000 3966.5358131498 
  10.6300000000 3969.7477852099 
  10.6400000000 3972.9582650689 
  10.6500000000 3976.1672566739 
  10.6600000000 3979.3747639430 
  10.6700000000 3982.5807907789 
  10.6800000000 3985.7853410812 
  10.6900000000 3988.9884187213 
  10.7000000000 3992.1900275679 
  10.7100000000 3995.3901714613 
  10.7200000000 3998.5888542396 
